167 209
223 96
72 61
127 47
84 242
59 42
28 176
155 237
247 161
131 207
126 43
64 212
2 181
209 122
59 154
127 123
17 44
2 247
4 187
127 126
128 232
47 96
135 102
102 55
22 43
16 6
184 84
212 41
154 28
89 158
76 249
138 32
222 53
95 90
190 98
92 207
37 147
16 101
229 8
108 99
215 18
177 120
103 224
170 158
149 20
85 197
133 121
28 229
151 195
119 15
183 203
104 104
5 190
168 141
58 220
30 211
31 158
44 237
238 155
201 105
210 236
40 79
235 228
166 27
121 132
127 164
182 133
17 134
191 76
11 72
53 140
192 186
9 208
177 124
130 106
85 242
68 197
193 198
172 42
0 10
226 165
25 168
141 203
206 24
164 155
96 206
89 28
198 195
54 4
8 135
190 173
108 40
203 39
181 6
178 55
178 48
179 231
96 169
163 204
50 111
104 38
89 27
140 200
54 184
47 7
238 30
136 41
126 40
186 48
99 162
209 163
235 54
23 210
22 58
176 30
19 226
107 205
122 37
161 92
147 53
11 104
207 32
233 120
190 109
187 198
196 225
72 95
1 79
109 133
248 91
86 30
76 95
20 161
193 153
163 157
68 221
76 89
242 162
47 47
7 107
136 30
143 102
47 111
129 78
148 133
157 135
80 201
58 95
234 50
229 101
150 70
100 88
151 236
110 97
109 81
139 147
167 181
147 153
151 136
134 129
52 226
129 235
202 112
56 13
163 86
200 188
131 76
163 14
176 45
174 213
12 45
127 186
18 148
206 78
246 213
103 198
106 98
135 98
123 71
57 207
103 101
205 100
121 94
174 45
41 150
17 173
124 225
123 165
35 217
191 63
208 155
222 134
155 224
91 17
76 48
176 175
147 201
33 130
227 100
130 30
114 63
228 49
45 218
64 135
243 7
65 161
105 94
209 136
128 57
85 207
60 178
112 1
67 170
64 51
2 206
207 236
137 10
33 23
224 6
52 17
147 245
103 96
157 170
138 109
140 68
69 51
239 232
92 200
61 34
42 212
145 27
125 131
42 172
129 112
201 26
130 115
203 177
73 151
134 27
132 119
20 53
94 31
186 32
200 243
210 205
167 236
38 224
220 187
148 239
12 47
189 31
130 200
182 231
199 18
201 228
12 94
76 51
217 109
202 49
53 132
59 146
233 132
32 128
179 18
201 6
6 16
76 165
0 237
5 173
8 245
72 76
249 180
64 94
123 134
177 101
217 112
140 125
94 227
50 132
47 77
119 46
112 16
85 214
72 142
117 116
81 75
243 125
54 123
102 159
242 90
0 157
172 242
29 51
234 136
46 36
178 7
176 181
110 140
243 46
120 76
21 52
35 156
155 191
24 19
82 177
43 107
76 23
165 140
103 169
246 142
64 231
61 193
55 130
211 224
19 199
88 73
224 203
139 100
196 1
128 186
231 12
239 33
97 137
146 137
23 146
2 237
89 187
242 249
126 231
91 215
53 109
28 139
83 241
0 159
184 31
190 188
111 125
11 90
232 49
40 186
185 89
220 215
20 90
17 80
106 30
15 219
39 97
60 140
27 118
11 181
201 36
182 180
47 117
18 126
143 176
145 99
249 55
86 118
39 16
195 182
123 45
114 67
65 5
86 145
238 182
164 62
140 174
240 217
139 249
115 122
80 69
80 12
19 109
208 174
232 87
176 230
113 99
144 176
187 149
238 181
113 21
69 21
171 112
34 93
167 160
190 133
66 25
156 5
155 190
37 240
197 23
22 170
73 21
0 153
120 55
179 54
248 180
17 64
163 249
77 212
118 114
11 247
114 182
190 220
50 54
110 124
65 112
218 139
115 170
188 51
207 105
33 27
54 202
135 216
5 128
7 72
191 221
36 13
74 192
241 196
91 93
49 65
206 78
3 186
216 185
41 194
21 236
145 117
221 199
178 17
15 107
191 211
131 125
34 218
234 213
249 231
40 246
177 186
11 5
175 199
133 51
212 78
241 240
205 18
128 195
240 225
62 189
109 75
220 205
144 213
106 165
53 232
165 224
19 14
144 200
224 165
159 180
168 57
186 106
44 29
230 199
135 232
211 190
181 35
242 228
245 128
150 54
78 219
3 155
82 165
17 135
35 75
52 218
101 139
80 237
103 104
49 237
238 8
125 20
67 46
221 29
136 234
104 163
155 242
179 133
113 113
110 10
221 181
160 198
246 134
89 197
57 96
207 32
247 200
232 33
55 236
234 42
139 151
95 75
32 181
